data/redwood.asc
ncols         128
nrows         128
xllcorner     0
yllcorner     0
cellsize      0.0078125
NODATA_value  -9999
[rows 60 to 79 of 128, columns 0 to 45 of 128]
71.3243837400791 71.8340582917781 72.295391962027 72.7073798602224 73.0692664961906 73.38056160161 73.6410528066649 73.8508145195687 74.0102123692429 74.1199026103257 74.1808259588235 74.1941954294732 74.1614778846193 74.0843691800667 73.9647630050732 73.8047137582837 73.6063940733322 73.3720478986275 73.1039403342564 72.8043057210754 72.4752957467023 72.1189295624335 71.7370480755147 71.331274674515 70.9029846453747 70.4532854287157 69.9830096464873 69.4927224849958 68.9827445656414 68.4531908753386 67.9040256841214 67.335132673138 66.7463987632665 66.1378094082427 65.5095524340137 64.8621269054431 64.1964530174954 63.5139786708951 62.8167782255947 62.1076389445674 61.3901308516315 60.6686561267796 59.948474738023 59.2357037386751 58.5372885145727 57.8609452125163
71.9127064198626 72.3697287790406 72.7743011533578 73.1253445055721 73.422048873298 73.6638921606019 73.8506559166707 73.9824374135418 74.0596573382289 74.0830624435997 74.0537225613301 73.9730214728601 73.8426412632992 73.6645399500981 73.4409223826997 73.1742046487985 72.8669724922588 72.5219345393673 72.1418714332645 71.7295822776909 71.2878300747226 70.8192880892976 70.3264892673697 69.8117809560038 69.2772872055649 68.7248808621784 68.1561674729248 67.5724827224111 66.974904699655 66.3642817680708 65.7412761955645 65.1064230201306 64.4602029086652 63.8031270472677 63.1358314169317 62.4591771964213 61.7743535294539 61.0829785269762 60.3871941719253 59.6897507701195 58.994076754583 58.3043299999688 57.6254273278175 56.9630495625565 56.3236203053515 55.7142574952258
72.4316712646546 72.8378245167343 73.1875979717739 73.479838751908 73.7136815919515 73.8885705086022 74.0042775952458 74.0609182212273 74.0589619086595 73.9992381791028 73.8829367112616 73.7116012332268 73.4871166919133 73.2116894001155 72.8878200582421 72.518269781398 72.1060195286626 71.6542236230052 71.1661583572231 70.6451669906501 70.0946027377192 69.5177716152666 68.9178772320932 68.2979697529762 67.6609013324366 67.0092902760968 66.3454960383538 65.6716068986357 64.9894417753792 64.3005671448511 63.6063294462061 62.9079026969137 62.2063503423077 61.5026996526649 60.7980262969882 60.0935461013696 59.3907104766904 58.6913016068675 57.9975232503797 57.3120829423636 56.6382615013933 55.9799660441766 55.3417631835657 54.728889712682 54.1472388352343 53.6033208578646
72.8624346079189 73.2196749288915 73.5168279515787 73.7526692769496 73.9262794312625 74.0370682931484 74.0847967893413 74.0695951075011 73.991976659892 73.852847041367 73.6535072638912 73.3956506220236 73.0813526529178 72.7130538028657 72.2935346009348 71.8258833675332 71.3134567480082 70.7598336521165 70.1687634899396 69.5441099111755 68.8897915626696 68.2097216613209 67.5077484175019 66.7875985188808 66.0528259779359 65.3067686427088 64.5525145573541 63.7928801297974 63.0304017174857 62.267341784981 61.5057102325049 60.747300863095 59.9937422747322 59.2465617646179 58.5072601509382 57.7773947892982 57.0586675217438 56.3530138776702 55.6626895742467 54.9903502583335 54.3391205029144 53.712648320446 53.1151418757476 52.5513856560682 52.0267340621389 51.5470811915518
73.1875372382836 73.4979730653842 73.744875736075 73.9269535407195 74.0432357094062 74.0930994528996 74.0762944177513 73.9929637764601 73.843661150303 73.6293625628483 73.3514726511155 73.0118244234609 72.612671952437 72.1566755299108 71.6468789918708 71.0866791408811 70.4797874518931 69.8301845362107 69.1420681499806 68.419795855819 67.6678237644849 66.8906430809464 66.0927164372221 65.2784161939062 64.4519670147841 63.6173950479161 62.7784859689467 61.9387539499193 61.1014233072916 60.2694241607428 59.4454029115901 58.6317477451908 57.8306287010748 57.0440511684565 56.2739209874869 55.5221187039178 54.7905799717786 54.0813786572558 53.3968088941484 52.7394621971662 52.1122957659368 51.5186883130812 50.9624801183011 50.4479945328076 49.9800388126814 49.5638829177414
73.3911633086039 73.6570344329587 73.8562233835455 73.9873770940565 74.0494780973324 74.0418740149963 73.9643046073485 73.8169255798155 73.6003283107823 73.3155546570599 72.9641060126549 72.5479458487465 72.0694950520734 71.531619508507 70.9376095501653 70.2911510978375 69.5962885831709 68.8573800217785 68.0790449209029 67.2661060322858 66.4235262883002 65.5563425706168 64.6695982373138 63.7682765571953 62.8572373503147 61.9411591941642 61.024489511743 60.1114047013171 59.2057821945125 58.3111859424867 57.4308663395419 56.5677750170773 55.7245943022025 54.9037804640848 54.1076192004398 53.3382911816171 52.5979449052375 51.8887736524765 51.2130930053431 50.5734152036895 49.9725166044359 49.4134946582392 48.899811136435 48.4353188109262 48.0242693916028 47.6713012333393
73.4593662456066 73.683023061785 73.8371762242427 73.9204188379584 73.9316928709451 73.8703209095191 73.7360356188019 73.5290060831956 73.249860162332 72.8997019808641 72.4801236806859 71.9932106068069 71.441539177707 70.8281668111456 70.1566134393073 69.4308343531687 68.6551843631154 67.8343735464546 66.9734151649641 66.0775666662949 65.1522650182842 64.2030579488061 63.2355329575015 62.2552462103725 61.2676536046623 60.2780463820168 59.2914936578391 58.3127941135141 57.3464388608486 56.3965871362246 55.4670560242581 54.5613248630044 53.6825543674329 52.8336198530923 52.0171572798018 51.2356202001935 50.4913451243747 49.7866223320737 49.1237688052784 48.5051997393778 47.9334950335135 47.4114572672621 46.9421579383055 46.5289691534696 46.1755785149534 45.885985599859
73.3802577153248 73.5641408291937 73.676052260178 73.7145401995588 73.6785135457249 73.5672757275849 73.3805563755315 73.1185399962192 72.7818907608805 72.3717724916619 71.8898629318921 71.3383614195743 70.7199891535249 70.0379813524285 69.2960707612616 68.4984621579191 67.6497977540435 66.7551136639597 65.8197879272548 64.849480903805 63.8500692018413 62.8275746341164 61.7880900064569 60.7377038077724 59.6824260716109 58.6281177984853 57.5804263499158 56.5447291379425 55.5260877316012 54.5292141846705 53.5584509640383 52.6177653395396 51.7107585050533 50.8406890637452 50.0105098586608 49.2229164969408 48.4804053356533 47.7853382017164 47.1400107358144 46.5467210030736 46.0078349168956 45.5258450840499 45.1034198977827 44.7434400720105 44.4490203068067 44.2235143801777
73.1441565849846 73.2907769472426 73.3633319821265 73.3603350688539 73.2806707096761 73.1236302129589 72.8889453621566 72.5768192115361 72.1879530961802 71.7235689109414 71.1854257061076 70.5758296720483 69.8976366460676 69.1542463764034 68.349587923795 67.4880957716336 66.5746764505384 65.6146657587974 64.613776970068 63.5780407545332 62.513737886771 61.4273261575111 60.3253632295753 59.2144274615285 58.1010389464595 56.9915831593504 55.8922396585078 54.808918232121 53.7472047128514 52.7123184002778 51.7090826386694 50.7419096086655 49.8147998254536 48.9313562183205 48.0948120268688 47.3080711203712 46.5737587620211 45.8942803311151 45.2718851118568 44.7087319805295 44.2069536894723 43.7687164650891 43.3962718083103 43.0919977017577 42.8584268731678 42.6982603178621
72.7436957707413 72.8556154703369 72.8917664268478 72.8506382859592 72.7311008112048 72.5324412107112 72.254399583071 71.8972016108354 71.4615875705389 70.9488366882012 70.3607858545021 69.6998417298739 68.9689853218914 68.1717682101343 67.3122997305528 66.3952246140689 65.4256908023237 64.4093074342324 63.352093304516 62.2604164306958 61.1409257161321 60.0004760485951 58.8460485092662 57.6846676670159 56.5233181777976 55.3688630802114 54.2279662589912 53.1070215251358 52.0120906262516 50.9488522509528 49.9225637311309 48.9380366867669 47.9996273177144 47.1112414494614 46.2763538139545 45.4980404237927 44.7790223111386 44.121718383162 43.5283047221455 43.0007773540234 42.5410153410846 42.1508410324062 41.8320744308868 41.5865789022767 41.4162958457569 41.3232664475178
72.1738858446715 72.2536996651351 72.2564422838135 72.1805914533956 72.0250126397464 71.7889977721447 71.4723022398484 71.0751792541009 70.5984106293805 70.0433329911833 69.4118583955296 68.7064883534473 67.930320297366 67.0870456104982 66.1809384686371 65.2168349185491 64.2001018384142 63.1365956911939 62.0326112861327 60.8948210984767 59.7302060514008 58.545979022626 57.3495026842863 56.14820359955 54.9494847637933 53.7606389727313 52.5887655076143 51.440692634446 50.3229083108046 49.2415012766266 48.2021143771262 47.2099115366604 46.2695592883213 45.3852231878848 44.5605788298893 43.7988365686725 43.1027784601115 42.4748054117686 41.9169920885483 41.4311467915954 41.0188733276773 40.6816318252167 40.420795534298 40.2377008665312 40.1336882745885 40.1101320222398
71.4321352649556 71.4824530785047 71.4548038556389 71.3476658424995 71.1599112294598 70.8908461037393 70.5402487687923 70.1084055430737 69.5961430803176 69.004856200928 68.3365301951776 67.593756559452 66.7797411624124 65.8983039137335 64.9538691280836 63.9514459438002 62.8965983698819 61.7954047945811 60.6544070893754 59.4805497755984 58.2811100765971 57.0636200419545 55.8357822855085 54.6053812071135 53.3801918498952 52.167888760944 50.9759573563758 49.8116103268493 48.6817115467332 47.5927097643937 46.550584054167 45.5608026108414 44.6282959799986 43.7574452634914 42.952085244799 42.2155217735542 41.5505621633149 40.9595568223271 40.4444498818833 40.0068362348717 39.6480221664893 39.3690866612176 39.1709405090213 39.0543805058251 39.0201363381283 39.0689081424203
70.5182280618818 70.5416581117589 70.486632651213 70.351643138643 70.1355798910815 69.8377730201626 69.4580318480149 68.9966819119332 68.4545985915932 67.833236334577 67.1346524207848 66.3615241998327 65.5171587635326 64.6054940833124 63.6310907542795 62.5991136464967 61.5153029709289 60.3859345210568 59.2177691471882 58.0179918517883 56.7941412503048 55.5540305095051 54.3056612381165 53.0571321443812 51.8165445726753 50.5919072673301 49.3910428683143 48.2214987053161 47.0904644129569 46.0046987345946 44.9704676158333 43.9934953184846 43.0789298249887 42.2313232719602 41.4546275744238 40.7522048078618 40.1268513336866 39.5808341152745 39.1159372042743 38.7335160046182 38.4345566631957 38.2197378036489 38.0894918182331 38.0440630599439 38.0835605240555 38.2080029596753
69.4342607322924 69.433393833705 69.3539863178752 69.1945556990349 68.954022006473 68.6317494897208 68.2275869091614 67.7419055197767 67.175633776571 66.5302877272893 65.8079960171033 65.0115184169268 64.1442568078222 63.2102576140263 62.2142047810307 61.1614025461582 60.0577474485746 58.9096892727603 57.7241809104973 56.508617454711 55.2707651942086 54.0186815485043 52.7606273508344 51.5049732372593 50.2601022113042 49.0343107076108 47.8357106563903 46.6721351374608 45.5510501965188 44.4794752703308 43.463914430976 42.5103003178741 41.6239521923928 40.8095490417278 40.0711181000202 39.4120385726079 38.8350597732151 38.3423323432441 37.9354507448115 37.6155048288796 37.3831379957938 37.2386093005687 37.1818568153645 37.2125596457322 37.3301961976917 37.5340965958676
68.1845409419136 68.1619356164714 68.0610994739931 67.8805888543565 67.619365079194 67.276836719566 66.8529005467152 66.3479802749154 65.7630621226873 65.0997261513369 64.3601722935873 63.5472399660217 62.6644201730861 61.7158590631217 60.7063519931089 59.64132730204 58.5268191848754 57.3694292993939 56.1762770237913 54.9549386074404 53.7133758115191 52.4598550078075 51.2028580776133 49.9509868110265 48.7128628306083 47.4970253339541 46.3118291479979 45.1653456984139 44.0652695075918 43.0188327368201 42.0327300806849 41.1130560087876 40.2652559426681 39.4940924713265 38.8036271691726 38.1972180117342 37.6775318153349 37.2465705859894 36.9057101772046 36.6557492502556 36.4969662231017 36.429181698836 36.4518237882723 36.5639937840979 36.7645297995559 37.0520662406894
66.7754513875225 66.7336199352555 66.6142497643205 66.415948549503 66.1377303005574 65.7790579952634 65.3398849853328 64.8206942877404 64.2225347882363 63.5470533125884 62.7965214701839 61.9738561499959 61.0826325566131 60.127088719765 59.1121204995367 58.0432662450613 56.9266804490114 55.7690959736263 54.5777747036312 53.3604468016014 52.1252390933421 50.8805934828003 49.6351766731557 48.3977828359621 47.1772312048921 45.9822608556411 44.8214251504321 43.7029884579769 42.6348277946871 41.6243419620059 40.6783705751127 39.8031250932648 39.0041335813683 38.2862004716984 37.6533820749403 37.108978035813 36.6555383677882 36.2948851618144 36.0281475722786 35.8558082635618 35.7777591719121 35.7933642138966 35.9015264620436 36.1007573116318 36.3892452748001 36.7649222484522
65.215282811851 65.1566783185694 65.0215931098584 64.8086982713428 64.5170715459296 64.146240146647 63.6962224243117 63.1675675082148 62.5613919495961 61.879412323054 61.1239726858624 60.2980657654348 59.4053467469459 58.4501385722217 57.4374277425865 56.3728497464485 55.2626634094373 54.1137136912042 52.9333827263349 51.7295292220868 50.5104166746237 49.2846312367285 48.060990449388 46.8484444205008 45.6559713779298 44.4924698222313 43.3666497381554 42.2869254768159 41.2613129787782 40.2973339630821 39.4019295546469 38.5813855647835 37.8412712851175 37.1863932184679 36.6207646707765 36.1475915897289 35.7692744845461 35.487425724708 35.3029010193457 35.215843447347 35.2257380604077 35.3314748316673 35.5314175795656 35.8234764623113 36.2051817089412 36.6737564189482
63.5140406806498 63.4410449561814 63.2929726483014 63.0685697391505 62.7669882467866 62.3878290452576 61.9311836138931 61.3976738414758 60.7884889203615 60.1054182880314 59.3508795145847 58.5279400002696 57.6403313434138 56.6924552719276 55.6893801062129 54.6368268420693 53.541144111751 52.40927150038 51.2486909616836 50.0673663868564 48.8736717255609 47.6763084278583 46.4842133564754 45.3064586940568 44.152145721929 43.0302946566524 41.9497329797711 40.9189848678932 39.9461644106048 39.0388752829722 38.2041194128558 37.4482169520962 36.7767395320611 36.1944583711676 35.7053083231708 35.3123684327135 35.0178590241011 34.8231548167888 34.7288130623088 34.7346152556668 34.8396206091845 35.0422292030375 35.3402525533693 35.730989268929 36.2113034979035 36.7777039898875
61.6832304151317 61.5981428592637 61.4397062518606 61.2067522273347 60.8985169811382 60.5146839387679 60.0554254210927 59.52144244078 58.9140016722296 58.2349685572971 57.4868354467293 56.6727436385715 55.796498165939 54.8625742134132 53.8761141093406 52.8429139549123 51.7693991130518 50.6625879918759 49.5300438174336 48.3798143944165 47.2203601944009 46.0604714786352 44.9091755432345 43.7756355531301 42.6690427896443 41.5985044565701 40.5729294527326 39.600914708233 38.6906347826294 37.8497374258251 37.0852477009284 36.4034830629581 35.8099814840714 35.3094443268378 34.9056952090731 34.6016555981455 34.3993373436395 34.2998518302073 34.3034349323976 34.4094865032147 34.616622747696 34.92273953686 35.3250845155886 35.820335754306 36.4046846869975 37.0739211603213
59.7356263203844 59.6406537174217 59.4743577622821 59.2356656460676 58.9239068839717 58.5388556900062 58.0807724082513 57.5504431459487 56.9492166599796 56.279037465984 55.5424740740283 54.7427412121948 53.8837148858431 52.9699391415452 52.0066234663428 50.9996298596063 49.955448769611 48.8811632913227 47.7844012748297 46.6732752916632 45.5563107422515 44.442362752199 43.3405228852959 42.2600170818756 41.2100965951405 40.1999240270885 39.2384568413998 38.3343309360343 37.4957469787279 36.7303622331603 36.0451905260427 35.4465128249354 34.9398006182056 34.5296539228345 34.2197553086269 34.0128408388524 33.9106883105169 33.9141226568526 34.023037874572 34.2364343815939 34.5524703167785 34.9685249769075 35.4812723578517 36.0867626313162 36.7805093450595 37.5575801773974
