data/redwood.asc
ncols         128
nrows         128
xllcorner     0
yllcorner     0
cellsize      0.0078125
NODATA_value  -9999
[rows 100 to 119 of 128, columns 46 to 91 of 128]
69.7198473207315 73.0573363496999 76.3869093181717 79.6897546357622 82.9468068107808 86.138943697037 89.2471889654309 92.2529176505038 95.1380625785655 97.8853194350672 100.478348172683 102.901968398581 105.142346312492 107.187170701631 109.025815441536 110.649485912555 112.051346730177 113.226628214734 114.172709103107 114.889173142406 115.377837412272 115.642750505557 115.690159061438 115.528441591904 115.168009070286 114.621172353193 113.901977175466 113.026008177874 112.010164182195 110.872407697186 109.631492398384 108.306673048708 106.917402988179 105.483024891943 104.022460948736 102.553908921478 101.09455069502 99.6602798748419 98.265454761728 96.9226825849345 95.6426402316166 94.4339358734166 93.3030148811389 92.2541122634045 91.2892526015444 90.4082971245471
70.5829511870666 73.9899463254523 77.3887239493696 80.7603020382468 84.0854137719023 87.3447023905916 90.5189218103946 93.5891409473346 96.5369496535099 99.3446641095052 101.995529447504 104.473917299396 106.765515876876 108.857510101715 110.738749221767 112.399899281793 113.833577778654 115.034467830009 115.999409236095 116.727463927047 117.219953473461 117.480466603647 117.514835022583 117.331076267135 116.939302858106 116.351597616634 115.581855690705 114.64559457336 113.559734169783 112.342349764666 111.012401529595 109.589444966025 108.093327374448 106.543876045692 104.960584357726 103.362302304275 101.76693815646 100.191177946383 98.6502292484827 97.1575953138739 95.7248849858153 94.3616630007666 93.0753442779598 91.8711346490025 90.7520192141559 89.7187981774734
71.2763513143377 74.7440065743349 78.2035013650922 81.6357402095699 85.0213110372001 88.3406769378615 91.5743741893526 94.7032146282035 97.708490377455 100.572178876099 103.27714607121 105.807345536037 108.148011168802 110.285841013726 112.209169636292 113.908126389352 115.374776837493 116.603244576811 117.589810708999 118.332988314823 118.833569433805 119.094642303048 119.121576945025 118.921977624377 118.505601216397 117.884241139515 117.071577191192 116.082992377089 114.935358619141 113.646794047247 112.236395396587 110.723949820446 109.129631157611 107.473686334117 105.776118101965 104.056370695033 102.333025190281 100.623511380505 98.94384277916 97.3083809807432 95.7296349926396 94.2181003455572 92.7821417983754 91.4279223071316 90.159379663393 88.9782508683031
71.7950589215843 75.3142934331527 78.825765290967 82.3103222129964 85.7484628544379 89.1205247720547 92.4068791661285 95.5881305983261 98.6453198219112 101.560127782048 104.315078746369 106.893740410182 109.280918690333 111.462844783215 113.427351924773 115.164039164841 116.66441936759 117.92204858814 118.932633966598 119.694117338403 120.20673189605 120.473029461962 120.497876252488 120.288415432193 119.853995275163 119.206062360927 118.358019927198 117.325052265755 116.123916862845 114.772706828915 113.290587008481 111.697507980825 110.013902925843 108.260373005913 106.457367473732 104.62486512924 102.782063990779 100.947086095551 99.1367041875376 97.3660966791275 95.6486366862587 93.9957201447098 92.4166370357994 90.9184886106712 89.5061522399138 88.1822941733848
72.1361907660396 75.6977807853856 79.252326051768 82.7806732964127 86.2632872685486 89.680434267565 93.0123729412552 96.2395506876365 99.3428039307241 102.30356045241 105.104041851069 107.727464063462 110.15823373379 112.382138049253 114.386525494829 116.160474823213 117.694949402721 118.982934011374 120.01955110448 120.802153610487 121.330391418877 121.606248925377 121.634051301649 121.42043756308 120.974299019222 120.306682302078 119.430656868234 118.361147647457 117.114734343788 115.709419762237 114.164370408357 112.499633459607 110.73583500553 108.89386516635 106.994556295353 105.058360919899 103.10503635293 101.15334298968 99.2207631773596 97.3232472003349 95.4749923593992 93.6882603498621 91.973237177345 90.3379387198052 88.7881637855953 87.3274951741831
72.2989098670171 75.8935791674487 79.4822185143886 83.0457281490399 86.5645931885486 90.0190621291263 93.3893330865692 96.655746260228 99.798981034536 102.800256034654 105.641530327366 108.305703805897 110.776814621982 113.040231337506 115.08283727179 116.893204331694 118.461753445096 119.780898589666 120.845171334681 121.651322809563 122.198400093198 122.487794194945 122.523257080285 122.31088558631 121.859070575009 121.17841028135 120.281587518796 119.18321119279 117.899623423434 116.448674468431 114.849468538921 113.122084483817 111.287276150484 109.366157978194 107.379882013426 105.349313022267 103.294708687824 101.235411997144 99.189562826276 97.1738354146482 95.2032078799974 93.2907691709358 91.4475679035724 89.6825064085883 88.0022820618387 86.4113766287314
72.2843324832331 75.9028395297581 79.5166030984729 83.1066296591693 86.6534774184857 90.1374292468393 93.5386737954666 96.8374934461818 100.014457660057 103.050620184618 105.927718439939 108.628373233172 111.136286752859 113.436436576691 115.515263199983 117.360848370698 118.963081315936 120.313809781445 121.406972697254 122.238711245896 122.807455160348 123.113981229714 123.161441251624 122.95535704689 122.503580645334 121.816218357567 120.905518156754 119.785720592225 118.472874323599 116.984618275568 115.339933341619 113.558867478443 111.662238898665 109.671322853778 107.607528168578 105.492070211412 103.345647333237 101.188127959409 99.0382554541378 96.913377588959 94.8292069317793 92.7996177400452 90.8364840075772 88.949562206557 87.1464210198732 85.4324190182461
72.0954054504685 75.7286259407532 79.3586343147346 82.9665937941327 86.5331864228651 90.0387799236 93.4636031772056 96.7879291308268 99.9922638598335 103.057540393482 105.965315761349 108.697969528439 111.238901865905 113.57272895982 115.685473303807 117.564746166993 119.199919293224 120.582282688844 121.705185212959 122.564154614217 123.156993678108 123.483849272808 123.547251320265 123.352119079021 122.905732607806 122.217667880462 121.299694734189 120.165637639508 118.831200161995 117.313754917721 115.632101777892 113.806198021228 111.856865031301 109.805476955414 107.673637447386 105.482851176339 103.254197168393 101.008011233765 98.7635847003722 96.5388864160119 94.3503144927391 92.2124835563834 90.1380523482388 88.1375954314113 86.2195215167254 84.390039586022
71.7367585754004 75.3757621379673 79.0133019343433 82.6307458947298 86.2089482957464 89.7284101078849 93.1694483775024 96.5123736173642 99.7376740955192 102.82620578841 105.759386598023 108.519393225638 111.089358851197 113.453569496104 115.59765666044 117.508783538364 119.175821845187 120.589516055463 121.742631672846 122.630084048801 123.249044255931 123.599018618096 123.681898714961 123.50197902059 123.065939806293 122.382793533793 121.463793677061 120.322305724806 118.973641010643 117.434854968969 115.724512392184 113.862423236403 111.869353453199 109.766716178572 107.57624935181 105.319686433017 103.018427308784 100.693216695969 98.3638373549812 96.0488251952775 93.7652128944957 91.5283079654103 89.3515103084421 87.2461732078773 85.2215105026698 83.2845513310431
71.2145371602502 74.8506572266775 78.4872503074753 82.1059341099023 85.687780855615 89.2134707374719 92.6634548002849 96.0181263915607 99.258000240631 102.363898092543 105.317139644005 108.099737303685 110.694593033369 113.085695228874 115.258313282921 117.199187152241 118.896708946382 120.341093286045 121.524532964972 122.441336311683 123.08804260453 123.463511961638 123.568986319024 123.408118433338 122.986966303334 122.313950993162 121.399776552366 120.257311546941 118.901432622763 117.348831491283 115.617787727692 113.727910770209 111.699855470144 109.555016429111 107.31520713615 105.002330549232 102.63804822194 100.243455331271 97.8387689969975 95.4430370851378 93.0738742546057 90.7472313434069 88.4772033148779 86.2758799213031 84.1532420268172 82.1171052069226
70.5362199025017 74.1611160046121 77.7885815362805 81.4005258946656 84.9782819962395 88.5027525194749 91.9545659376991 95.3142416625621 98.562363527826 101.679760703354 104.647694937517 107.44805278394 110.063541180919 112.477884428354 114.676020260941 116.644292364238 118.370636341256 119.844755832492 121.058285243423 122.004935361897 122.680618073243 123.083546420628 123.214306425464 123.075897386442 122.673737819461 122.015634781813 121.111715033896 119.974317315686 118.617845932471 117.058586828972 115.314488352315 113.40490992826 111.350342865095 109.172108418227 106.892039058523 104.532149554019 102.114304965795 99.6598929483733 97.1895078124575 94.722653640979 92.2774733443607 89.8705099035086 87.516505194889 85.228240746609 83.0164235723544 80.8896189141754
69.7104273859623 73.3161393627784 76.9266481797274 80.5241934682291 84.0904084004837 87.6064584528032 91.0531903013252 94.4112903460111 97.6614522652817 100.784552856394 103.76183521287 106.575098031233 109.206889530523 111.640704119368 113.861179570576 115.854292079552 117.607546210436 119.110156394543 120.353216362247 121.329852684244 122.035358491986 122.467303458183 122.625616260892 122.512636038496 122.133129771849 121.494273101934 120.605592798291 119.478869920349 118.12800363989 116.568836691806 114.818944460986 112.897390760835 110.824454376375 108.621331393756 106.309819180479 103.91198858075 101.449851415736 98.9450307017439 96.4184410996293 93.8899869729274 91.3782850559683 88.900418121831 86.4717252085344 84.1056329353611 81.8135312539509 79.6046956732572
68.7467261742923 72.3257199990618 75.9118409472704 79.4876939028823 83.0352484931982 86.535970165235 89.9709617120361 93.3211149200421 96.567271912583 99.6903956102614 102.671748513598 105.493078738105 108.136811902727 110.586247099491 112.825754769555 114.84097389659 116.619005523399 118.148599224663 119.42032885139 120.426753624399 121.162560516857 121.624683848511 121.812398132139 121.727380476119 121.373739260571 120.758006366696 119.889090941568 118.778193509024 117.438680170626 115.885917652112 114.137071008958 112.210866874227 110.127326174917 107.907471220508 105.573012940743 103.146024782056 100.64861033047 98.1025720850321 95.5290889384249 92.9484098165481 90.3795705816673 87.8401407188433 85.3460055174463 82.911188453123 80.5477173044891 78.2655362451447
67.655433162912 71.2006383111011 74.75537645445 78.3026491180697 81.8247951023352 85.3036137211057 88.7204987822348 92.0565831553124 95.2928936732455 98.4105159533717 101.390768497339 104.215385138356 106.866704555576 109.327865178845 111.583003377602 113.617452383931 115.417938963239 116.972774440305 118.272036338241 119.307736617384 120.073972333188 120.567054486745 120.785610934687 120.730659467974 120.405647566667 119.81645588918 118.971363251692 117.880971681943 116.558091070495 115.017583964741 113.276172124741 111.352207549446 109.265411748533 107.036588039335 104.687312550781 102.239610379448 99.7156239329899 97.1372808844891 94.5259693255072 91.9022276314452 89.2854562346827 86.6936579430299 84.1432126573715 81.6486913570297 79.2227130677194 76.8758472466526
66.4474243712281 69.9522628407572 73.4690896003862 76.9813305233816 80.471722750766 83.9224299946864 87.3151688508807 90.6313461364553 93.8522071688421 96.9589947346855 99.933118260496 102.756332391624 105.410923818611 107.87990477107 110.147211144223 112.197902751166 114.018362727127 115.596492674861 116.921899758268 117.986071649551 118.782535037421 119.306993330833 119.55743926135 119.534238309236 119.240179259652 118.68048873505 117.862807240657 116.797125087158 115.495677497455 113.972799235531 112.244740182823 110.329444394832 108.246296259007 106.015838403877 103.659466939101 101.199110398456 98.6568993781875 96.0548342824043 93.4144587822373 90.7565465515297 88.1008085526567 85.4656276153182 82.8678262923462 80.3224730132099 77.842730420871 75.4397485121053
65.1339517976134 68.592359058931 72.0652345207177 75.536452426343 78.9891738535751 82.4059540385193 85.7688609496926 89.0596052961541 92.2596820514916 95.3505234025774 98.3136627852789 101.130909350215 103.784531816523 106.257450231528 108.533433674908 110.597301447018 112.435124785432 114.03442568657 115.384368996739 116.475943605047 117.302128343885 117.858038102803 118.141045706038 118.150875305307 117.889663404 117.36198415644 116.574836269103 115.537589655347 114.261890940192 112.761527949951 111.052254420441 109.151577280564 107.078509975754 104.853296347397 102.497110539251 100.031739221484 97.4792530722087 94.8616749051255 92.2006520569132 89.5171406335564 86.8311089543928 84.1612670291859 81.524828170046 78.9373078994502 76.4123642002937 73.9616819045023
63.7264713474869 67.1329096409237 70.5562974056525 73.9809776330031 77.3905573852649 80.7680071448745 84.0957716289334 87.3558924161871 90.5301426299253 93.6001737420501 96.5476743076866 99.3545401077021 102.003054774839 104.47607951923 106.757250066898 108.831178400596 110.683656369482 112.301857738436 113.674534806281 114.79220536144 115.64732548908 116.23444361776 116.550331214489 116.594085717889 116.367201646791 115.873606336292 115.119657428046 114.114100062313 112.867982664968 111.394531266115 109.708983395385 107.828383735649 105.771344841736 103.557777302798 101.208594704993 98.7453995961563 96.1901573303167 93.5648651469445 90.8912240934924 88.1903214142455 85.4823307963698 82.7862373878581 80.1195937942406 77.4983123438218 74.9364978165953 72.4463235999657
62.2364842110557 65.5859487212102 68.9548237849682 72.327937956226 75.6893628443438 79.0225045392826 82.3102066914918 85.5348657515612 88.6785587696374 91.7231839715227 94.6506140640442 97.4428618783028 100.082257542378 102.551635896615 104.834532341146 106.915384757314 108.779738596291 110.414451705662 111.807894995734 112.950144659325 113.833161377648 114.450951793843 114.799707533577 114.877917212703 114.686447202597 114.228587425152 113.510059114822 112.53898230067 111.32580170621 109.88317081155 108.225794938318 106.370235365755 104.334677626209 102.138668218413 99.8028249759082 97.3485271962742 94.7975923382617 92.1719465974818 89.493296952597 86.7828123162858 84.0608212209478 81.3465330200421 78.6577889039923 76.0108481365196 73.4202138442473 70.8985014789596
60.6753934392523 63.9634119610587 67.2732621998446 70.5902716392041 73.8989916112428 77.1832808908667 80.4264011086681 83.6111246392471 86.7198555156527 89.7347637331241 92.6379330332489 95.4115219046644 98.0379371052433 100.500018515169 102.781233587086 104.865879089594 106.739287268137 108.388032999832 109.800138024043 110.965267916682 111.87491716989 112.522577563668 112.903884991667 113.016740044082 112.861397964193 112.440524082744 111.759211489609 110.824958511404 109.647604506098 108.239223533976 106.613976585601 104.78792420452 102.778802494863 100.605766609971 98.2891068358626 95.8499432728144 93.3099058430641 90.6908068811695 88.0143138710104 85.3016299626815 82.5731897253709 79.8483771700973 77.1452724201925 74.4804325388312 71.8687109722714 69.3231188736422
59.0543768671696 62.277003636917 65.5238255303793 68.7806790260779 72.0326070963639 75.263935102824 78.4583586488893 81.599044191617 84.6687431075183 87.649919715834 90.5248934835873 93.2759952717363 95.8857370376571 98.3369938980313 100.613196894924 102.698534217713 104.578158039425 106.238393555315 107.666946292893 108.853103324624 109.787923684466 110.464413091431 110.877678037723 111.025054420257 110.906206191176 110.523189976475 109.880482256262 108.984966501919 107.845878603938 106.474709972214 104.885068815285 103.092501268976 101.114275207613 98.9691306904403 96.6770020299249 94.2587173771155 91.7356824652608 89.1295557046332 86.4619221537009 83.7539739868616 81.0262049282098 78.2981257250545 75.588007104883 72.9126558157134 70.2872283222028 67.7250855566664
