data/redwood.asc
ncols         128
nrows         128
xllcorner     0
yllcorner     0
cellsize      0.0078125
NODATA_value  -9999
[rows 40 to 59 of 128, columns 0 to 45 of 128]
73.1516248296193 74.6944808306424 76.2372862432973 77.777792065022 79.3135834873605 80.8420653474524 82.360446223711 83.8657213027051 85.354654232469 86.8237582806486 88.2692772331306 89.6871665981298 91.0730758189578 92.4223323413542 93.7299285223841 94.9905125001421 96.198384258194 97.3474982061028 98.4314736471304 99.4436145057066 100.376939630476 101.224224864902 101.978057879876 102.63090648793 103.175200806524 103.603429213066 103.908247546091 104.082600469719 104.119853351014 104.013932425334 103.759470469255 103.351954692097 102.787873123621 102.064855443695 101.181803993023 100.139010641075 98.9382552806701 97.5828819737324 96.0778491875205 94.429751125558 92.6468078557076 90.738822746346 88.7171066121707 86.5943689119464 84.3845772974225 82.1027877511577
71.7234527155997 73.2330269357138 74.7438363518447 76.2538759639774 77.7609875152383 79.2628436339865 80.7569302698597 82.2405275284439 83.7106891031302 85.1642206133065 86.5976572844623 88.0072415461086 89.3889012744121 90.7382295634032 92.0504670653313 93.3204880894234 94.5427917797461 95.7114997966579 96.8203619912816 97.862771577058 98.8317912557909 99.7201916379424 100.520503100778 101.225081948872 101.826191379015 102.31609730992 102.687178625665 102.932050815132 103.043701387562 103.015634830836 102.842024281798 102.517866526407 102.039136471796 101.402936860803 100.607638757744 99.6530082422275 98.5403148199155 97.2724173017685 95.8538233152343 94.2907191826743 92.5909676171145 90.7640715194833 88.8211030856662 86.7745984127787 84.6384187964606 82.4275808984326
70.4453940987719 71.9183379769573 73.3933364823838 74.8686111816684 76.3422444651758 77.8121627303225 79.276117533349 80.7316647887562 82.1761421940489 83.6066451741757 85.0200017743656 86.4127470800453 87.7810979049233 89.1209286583361 90.4277494741314 91.6966878475738 92.9224751743314 94.0994397055126 95.2215075130515 96.2822130882183 97.2747211607814 98.1918612167609 99.0261760003869 99.7699850056221 100.415463593332 100.954737915706 101.379995299073 101.683609144595 101.858276773831 101.897167997681 101.794081551725 101.543605949381 101.14128078836 100.583754135877 99.8689313411691 98.9961105019918 97.9660998606018 96.7813126319217 95.4458351717922 93.9654649674121 92.3477156583669 90.601787150934 88.7384998406767 86.7701929744064 84.7105882254624 82.5746205881311
69.3258702646241 70.7589859314804 72.1944979300267 73.6308354809214 75.0663041868084 76.49906861648 77.9271325586489 79.3483169960224 80.7602359522025 82.1602704855642 83.5455412450967 84.9128801614288 86.2588020186691 87.5794768344101 88.8707041596746 90.1278905893288 91.3460319364697 92.5197016599897 93.6430472303573 94.7097961616147 95.7132734149761 96.6464317797307 97.5018966511446 98.2720263467078 98.9489887296245 99.5248544451988 99.991706530684 100.341765547103 100.567528723115 100.66192092191 100.618454572137 100.431395075383 100.095927648891 99.6083211150027 98.9660838370979 98.1681068492046 97.2147892500833 96.1081411414387 94.8518597845111 93.4513752212761 91.9138623391038 90.2482172267147 88.4649966440936 86.5763204745109 84.595738104861 82.5380607519969
68.3710677144946 69.7613370775326 71.153861291883 72.547257100364 73.9400345921457 75.3305795519617 76.7171332082611 78.0977693996002 79.4703692825935 80.8325938299517 82.1818545130933 83.5152827288569 84.8296987108042 86.1215808576263 87.3870366075715 88.6217761800063 89.821090682827 90.979836235491 92.0924258688147 93.1528310206943 94.1545944380843 95.0908562075874 95.9543944597594 96.7376820188682 97.4329598978667 98.032328070454 98.5278533968721 98.911693952257 99.1762383266802 99.3142577606883 99.3190682797408 99.1846993289009 98.9060648199717 98.4791320204636 97.9010833677515 97.1704661078393 96.287324654807 95.2533107546857 94.0717669177146 92.7477791480742 91.2881957339265 89.7016097386425 87.99830382562 86.1901571182288 84.2905149041447 82.3140230992987
67.5848010675836 68.9294127789077 70.2756553213868 71.6223118871556 72.9680772967932 74.3115404777112 75.6511641002324 76.985261356541 78.3119699727129 79.6292236714984 80.9347214532062 82.2258952324071 83.4998765561973 84.7534633306449 85.9830876890843 87.1847863404212 88.3541749269665 89.4864280872257 90.5762670459295 91.6179566271337 92.6053135922605 93.5317281303941 94.3902001620269 95.1733918521032 95.8736973603142 96.4833303882022 96.9944295217717 97.3991807294198 97.6899556788231 97.8594638094124 97.9009153703789 97.8081919421179 97.5760203372551 97.2001452607692 96.6774957291124 96.0063400324781 95.1864239924957 94.2190874314203 93.1073541310159 91.8559911131041 90.4715338033836 88.9622745215865 87.3382127433503 85.6109666660627 83.7936467426089 81.9006929820993
66.9684133935797 68.2647872722043 69.5616922516933 70.8580562537995 72.1527383241996 73.4445115994976 74.7320432209505 76.013871143478 77.2883778933591 78.5537614564373 79.808003630632 81.048836350766 82.2737066872926 83.4797414287715 84.6637123742378 85.8220036772163 86.9505827873012 88.0449767153981 89.1002554909356 90.1110247688022 91.071429565656 91.9751710457306 92.8155381235721 93.5854553967338 94.2775485612172 94.8842279976122 95.3977906538825 95.8105397055391 96.1149207660593 96.3036726763681 96.369990153515 96.3076948603313 96.1114108064224 95.7767394423722 95.3004293967443 94.680535557688 93.9165621391676 93.0095845092393 91.9623448983239 90.779317643406 89.4667403444958 88.0326081889193 86.4866297061907 84.8401433148556 83.1059951724835 81.2983799988342
66.5207168433541 67.7665253868544 69.0113025780655 70.2540990061473 71.4939169740222 72.7296943041693 73.9602849109589 75.1844360492111 76.4007622521582 77.6077161000771 78.8035561137331 79.9863122433571 81.1537496214895 82.3033314621823 83.4321822131964 84.5370522933046 85.6142859628006 86.6597940691074 87.6690335667022 88.6369958162198 89.5582057061923 90.4267335978981 91.2362219566814 91.9799282924747 92.6507856830971 93.2414816966238 93.7445559703762 94.152516057249 94.4579704352787 94.653776819954 94.7332031524295 94.6900978959522 94.5190655947787 94.2156430716874 93.776471196344 93.1994568769599 92.4839198348242 91.6307188300221 90.6423523222444 89.5230290685365 88.2787048660195 86.9170825190721 85.4475731166478 83.8812178097962 82.230570441477 80.5095425576966
66.2379756630742 67.4311623532733 68.6213115246691 69.8075743379104 70.9890752193882 72.1648968423074 73.3340617250413 74.4955103155875 75.6480755319883 76.790453855069 77.9211732222672 79.0385581488104 80.1406927026672 81.2253821782454 82.2901145444018 83.3320229763935 84.3478510081742 85.3339220481221 86.2861151734154 87.1998492402753 88.07007740334 88.8912941123416 89.6575565347384 90.3625221287612 90.999503756549 91.561543281171 92.0415040401336 92.432181944106 92.726434232573 92.9173241540117 92.9982790585578 92.9632586316465 92.8069292956667 92.5248402011084 92.1135957546004 91.5710193195922 90.8963026005904 90.0901352998815 89.1548099232485 88.0942971050716 86.9142875103666 85.6221972296129 84.2271345816273 82.7398273439654 81.172510598679 79.5387765706492
66.1139328327181 67.2527270152098 68.3860585894803 69.513157465447 70.6332491892063 71.7455414179869 72.8492068938193 73.9433627422075 75.0270460195957 76.0991855571412 77.1585702989223 78.2038145097171 79.2333204287213 80.2452391670666 81.2374308826126 82.2074255068647 83.1523855353494 84.0690726115714 84.9538198212024 85.8025117515866 86.6105744457309 87.3729773739553 88.0842494462805 88.7385108833558 89.3295224464213 89.8507530959681 90.295466609246 90.6568270502951 90.9280222715681 91.1024038589519 91.1736411434275 91.1358861284067 90.9839454601811 90.7134549384405 90.321051560993 89.804537753799 89.1630322799442 88.3971023667298 87.5088718468114 86.5021005753891 85.3822310490459 84.1563989917932 82.8334056609075 81.4236507233733 79.9390257225879 78.3927693511745
66.1398806803448 67.2228088753407 68.2974606789163 69.3631235019419 70.4191034271251 71.4647134746715 72.4992582782134 73.5220149534045 74.5322100345636 75.5289924745395 76.5114028505518 77.4783390939134 78.4285192624477 79.3604420973976 80.2723463458759 81.162170077312 82.0275114674272 82.8655927533457 83.6732292638777 84.4468055838264 85.1822610037542 85.8750864207697 86.5203347768656 87.1126469372412 87.6462946140848 88.1152415289463 88.513223482891 88.8338473788151 89.0707085325351 89.2175248433341 89.2682856014139 89.2174119246769 89.0599250788313 88.7916182819826 88.4092270649811 87.9105928850781 87.2948144999133 86.5623816204926 85.7152855852396 84.7571022320356 83.6930427809347 82.5299693569534 81.2763727516135 79.9423111084968 78.5393093816938 77.0802206134242
66.3047749069751 67.330668486769 68.3451184297337 69.3474492606887 70.3370277164476 71.3132530737187 72.2755438280311 73.2233204611912 74.1559841223161 75.0728911622902 75.973323604855 76.8564558095629 77.7213177810418 78.566755802125 79.3913913099256 80.193579186091 80.9713668850411 81.7224560644531 82.4441685960405 83.1334190056894 83.7866955034147 84.4000517986827 84.9691118401045 85.489089457616 85.9548246112656 86.3608375600451 86.7014017594865 86.9706356876063 87.1626131020987 87.2714904713767 87.2916495283274 87.2178521036606 87.0454036438078 86.7703211458181 86.3895006865697 85.9008793200918 85.3035858931162 84.5980753055384 83.7862409304177 82.8715003086508 81.8588498374799 80.7548849608838 79.5677833163265 78.3072493618563 76.9844201604066 75.6117331912604
66.5953905331901 67.5633897771368 68.5164643895578 69.4539567528786 70.3752753401386 71.2798873482925 72.1673076512733 73.0370837647947 73.8887765961107 74.7219368608014 75.5360771866991 76.3306400927612 77.1049622269499 77.8582354690848 78.5894657471222 79.2974306709701 79.9806373468834 80.6372819854123 81.2652131423688 81.8619006192245 82.4244121797071 82.9494002960647 83.4331011056055 83.8713476222021 84.2595989987616 84.5929872705168 84.8663825268572 85.0744768696957 85.2118868347644 85.2732732016493 85.2534763281755 85.1476643495669 84.9514908207382 84.6612576906112 84.2740789189701 83.788039614152 83.2023453132042 82.5174559668092 81.7351993419643 80.8588589188597 79.8932319271556 78.8446539236874 77.7209872324284 76.5315716148662 75.2871366757088 73.9996766923467
66.9965173682893 67.9060719774578 68.796950810189 69.6684962273174 70.5201407282767 71.3514021019882 72.1618748927363 72.9512178271926 73.7191369229633 74.4653641010424 75.1896312562977 75.891639902371 76.5710266994769 77.227325393048 77.8599259333684 78.4680318042755 79.0506168531957 79.6063831732278 80.1337218264827 80.6306784003708 81.0949255378445 81.5237446613647 81.9140191021367 82.2622407367086 82.5645320116738 82.8166848981778 83.0142178614085 83.1524513633719 83.2266017544458 83.2318926721914 83.1636822830858 83.0176039081048 82.7897168041736 82.4766631698629 82.0758268441847 81.5854887077435 81.0049735062884 80.3347827209959 79.5767082218198 78.733921764345 77.8110359209422 76.8141327579514 75.7507574574026 74.6298751020933 73.4617899584624 72.2580277604721
67.4911917275392 68.3420579462742 69.170273921573 69.9751657100218 70.7561735542619 71.5128497306195 72.2448527316802 72.9519373842557 73.6339405697041 74.2907623079805 74.9223420913342 75.5286305093911 76.1095563942241 76.6649899298727 77.1947024114911 77.6983235983531 78.1752978732736 78.624840687007 79.0458970159078 79.4371037786639 79.7967583260235 80.1227952185185 80.4127735243028 80.6638767874423 80.8729276247057 81.0364185991839 81.1505605908606 81.2113493433139 81.2146502251155 81.156300524645 81.0322278252123 80.8385822166306 80.5718793268488 80.2291504422358 79.8080953666563 79.3072331840051 78.7260457678136 78.0651087492921 77.326204727464 76.512413787896 75.6281768857981 74.6793283308891 73.673094462185 72.6180565897139 71.5240773698892 70.4021909304372
68.0609603045404 68.8531948535039 69.6186307214757 70.3565631633892 71.0664254987379 71.7477898005472 72.4003639620343 73.0239846961379 73.6186060813844 74.1842833537069 74.7211517603928 75.2294004408446 75.7092414794694 76.1608744872133 76.5844473063831 76.980013692445 77.3474890978854 77.6866059557931 77.9968701209511 78.2775203581895 78.5274929543592 78.7453936537211 78.9294791594724 79.0776503909287 79.1874595240468 79.256132564449 79.2806088045495 79.2575980041136 79.1836555182293 79.055274897267 78.8689967259733 78.6215316853948 78.3098950483304 77.9315490954043 77.4845493037675 76.9676896507756 76.3806420230556 75.7240845527649 74.9998137347797 74.2108354186737 73.3614302152785 72.4571894969669 71.5050189819711 70.5131078463696 69.4908623668152 68.4488042220313
68.6861713656576 69.4201224393471 70.1230035587667 70.7940666202331 71.4327251294324 72.0385578408437 72.6113088382504 73.1508835670752 73.6573403788771 74.1308772256944 74.5718132498352 74.9805651551368 75.3576184192461 75.7034936120498 76.0187083199005 76.3037354332684 76.5589588288669 76.7846277554582 76.9808115022071 77.1473561741587 77.2838456040639 77.3895685754218 77.4634946005488 77.5042604734878 77.5101696872454 77.4792065590365 77.4090665422527 77.2972037226436 77.1408959088219 76.9373270512161 76.6836859836764 76.3772797089409 76.0156586787257 75.596750789773 75.1190001678462 74.5815062796452 73.9841585310107 73.3277613053175 72.6141443872541 71.8462539135608 71.028219393077 70.1653929330376 69.2643575770028 68.3329025739697 67.3799644233289 66.4155336367974
69.3462877925705 70.0225834129822 70.663467128287 71.2681369792442 71.8359756681479 72.3665572219522 72.8596501782949 73.3152167618573 73.7334075591055 74.1145512675472 74.4591391943848 74.7678043111202 75.0412948363406 75.2804425180171 75.4861260166174 75.6592300462739 75.800601205681 75.9110017131525 75.991062538553 76.0412376834917 76.0617615832577 76.0526117714922 76.0134790435181 75.9437473597813 75.8424856327732 75.708453328863 75.5401214856791 75.3357102974813 75.0932438639026 74.8106220475155 74.4857086661014 74.1164344858876 73.7009127170098 73.2375639799285 72.7252470503216 72.1633911375908 71.5521250422773 70.8923982981506 70.1860893555132 69.4360960142613 68.6464036695334 67.8221274805657 66.9695252964293 66.0959790441267 65.2099432716731 64.3208606028354
70.0202159764017 70.6397500229982 71.2195119524111 71.7586375956245 72.2564698535231 72.712568421313 73.1267161337198 73.4989213565941 73.8294158819221 74.1186478417725 74.3672692458505 74.5761178697336 74.7461933780449 74.8786277586977 74.9746503689369 75.0355481468816 75.0626218167603 75.0571392024125 75.0202870495969 74.9531230284194 74.856529826013 74.7311734284639 74.5774678116183 74.3955482955158 74.1852557517573 73.9461336758282 73.6774398409899 73.3781738367814 73.0471212704053 72.682914787703 72.2841113737407 71.8492846494867 71.3771301242291 70.8665806303921 70.3169284967852 69.7279504456521 69.1000307624505 68.4342780137886 67.7326304996725 66.9979457336281 66.2340695511754 65.4458809465439 64.6393094129899 63.8213223887498 62.9998813566217 62.1838661732111
70.6866441792833 71.2505604336372 71.7703780160348 72.2451643815399 72.6742156781606 73.057069535249 73.3935145842513 73.6835960974094 73.927617152037 74.1261347767493 74.2799506152617 74.3900957560988 74.4578095247123 74.4845122185403 74.4717719840033 74.4212662836219 74.3347386750714 74.2139519130407 74.0606386774469 73.8764515135013 73.6629138238292 73.421373962359 73.152964625562 72.8585698010902 72.5388015011491 72.1939883657603 71.8241779618666 71.4291542265126 71.0084710114657 70.5615020953781 70.0875073580465 69.5857140863024 69.0554116349788 68.4960569355032 67.9073876670557 67.289539318479 66.6431619079116 65.9695318210041 65.2706541000481 64.5493505793669 63.8093295213881 63.0552328577445 62.2926577658945 61.5281500909859 60.7691680246444 60.0240154411994
