data/redwood.asc
ncols         128
nrows         128
xllcorner     0
yllcorner     0
cellsize      0.0078125
NODATA_value  -9999
[rows 80 to 99 of 128, columns 0 to 45 of 128]
57.6850294619517 57.5822767108367 57.4104971986526 57.1687226236987 56.8563841004512 56.4733541124066 56.0199875751881 55.4971611669919 54.9063099886009 54.2494605310869 53.5292588613442 52.7489928895609 51.9126075646889 51.0247118599356 50.0905764658442 49.1161212083947 48.1078913571942 47.0730221858508 46.0191913924494 44.954559279407 43.8876969226947 42.8275029212684 41.783109696373 40.7637806924184 39.778800199558 38.8373578549589 37.948430166878 37.1206616259465 36.3622481066454 35.680825307422 35.0833649233131 34.57608108857 34.1643493725379 33.8526402694015 33.6444687060228 33.542360620864 33.5478371629021 33.6614165461105 33.8826330961787 34.2100725638841 34.6414223732503 35.1735351377245 35.802503524675 36.5237443830229 37.3320899710716 38.2218841270533
55.5460197232971 55.4374815173243 55.2624551766313 55.0200848198073 54.7099104919888 54.3319095840119 53.8865374095834 53.3747661103307 52.7981209629376 52.158713076976 51.4592674017576 50.703144911313 49.8943578144773 49.0375766480296 48.1381281605395 47.2019829878969 46.2357322620663 45.2465524843313 44.2421582329343 43.2307425597243 42.2209052555124 41.2215695205961 40.2418879537044 39.2911391551668 38.3786166120376 37.5135118765566 36.7047943467084 35.9610901916357 35.2905631201857 34.7007997560697 34.1987023504003 33.790391429165 33.4811207423731 33.2752065615577 33.1759729764683 33.1857143879323 33.3056759028929 33.536051832268 33.8760019954901 34.3236850691523 34.8763078002951 35.5301885530372 36.2808333815128 37.1230226285775 38.0509059396801 39.0581035512249
53.3337071344695 53.2212606118421 53.0450766361641 52.8044185574489 52.498941666918 52.1287339863347 51.6943562576529 51.1968803164293 50.6379249362711 50.0196881447649 49.3449749390381 48.6172192770149 47.8404991945164 47.0195439046166 46.1597317798087 45.2670782045234 44.3482124192057 43.4103426596585 42.4612091267953 41.5090245998772 40.5624028255071 39.6302751669241 38.7217963723526 37.8462407035347 37.0128900401676 36.2309159254524 35.5092578245429 34.8565001142668 34.2807504938001 33.7895225897838 33.3896255174581 33.0870630483876 32.8869448271675 32.7934117814365 32.8095774938895 32.9374868684217 33.1780929449247 33.5312522203901 33.9957383401443 34.5692735535508 35.2485769023915 36.0294277429878 36.906742906352 37.8746655810661 38.926663863186 40.0556368538706
51.0634873080385 50.9488857009664 50.773478719626 50.5366546086531 50.2381891543447 49.8782857633558 49.4576147790634 48.9773512332773 48.4392101344847 47.845478306014 47.1990417134638 46.503407166056 45.7627172471544 44.9817573310338 44.1659535818087 43.3213609113257 42.4546399997559 41.5730226580225 40.684265035461 39.7965884471913 38.9186079088105 38.0592488134726 37.2276525576038 36.4330723030982 35.6847604403696 34.9918496710833 34.3632299442135 33.8074237371779 33.3324623598086 32.9457660602053 32.6540307193412 32.4631238315 32.3779922812242 32.4025841507077 32.5397864356898 32.7913801284614 33.1580136624236 33.6391952246753 34.2333039529231 34.9376195614773 35.748369507014 36.6607924238523 37.669216242453 38.7671491610564 39.9473814716801 41.2020961466337
48.750805465587 48.6356727805007 48.462817287149 48.2317566119854 47.9423911852911 47.5950435430979 47.1904968997187 46.7300322032579 46.2154627898624 45.649165663908 45.0341083557674 44.3738702517714 43.6726572583228 42.9353086597985 42.1672950636505 41.3747064011406 40.5642290725502 39.7431114941423 38.9191175213174 38.100467486625 37.2957668982305 36.5139231868521 35.7640512569545 35.0553689783141 34.3970841318729 33.7982746824538 33.2677645730536 32.8139975040812 32.4449113605353 32.1678160678043 31.9892776832411 31.9150114610658 31.9497864626224 32.0973440278272 32.3603320869771 32.7402568894398 33.2374532749948 33.851074134788 34.579099222925 35.418363007034 36.3646008053012 37.4125120642367 38.5558392978299 39.7874609426952 41.0994961888619 42.4834197214737
46.4109331016741 46.2967598657208 46.1280661157507 45.9045021602093 45.6260961046907 45.2932923248045 44.9069892386972 44.4685756066009 43.9799644882196 43.4436238996173 42.8626031344221 42.2405536550154 41.5817434237217 40.8910635377869 40.1740260609024 39.4367520134302 38.6859485975736 37.9288748953873 37.1732954876936 36.4274216993735 35.6998404771846 34.9994312434593 34.3352714331163 33.7165318000336 33.1523629573568 32.6517749784583 32.2235122139106 31.87592575808 31.6168462111727 31.4534595155745 31.3921886893493 31.4385842293066 31.597225810421 31.8716376719255 32.2642197622945 32.7761963290716 33.407583202013 34.1571745485347 35.0225493992213 36.0000977681142 37.0850657460301 38.2716185410393 39.552920090769 40.9212275847853 42.3679990162101 43.8840117302134
44.0587608281335 43.9469009368935 43.7838123200112 43.5692800860758 43.3034619275592 42.9869257252052 42.6206864777224 42.2062417993332 41.7456051313479 41.2413357243704 40.6965643697856 40.1150137981181 39.5010126234382 38.8595017030954 38.1960318064736 37.516751550475 36.8283846674443 36.1381958262946 35.4539444309325 34.7838260707347 34.1364015922572 33.5205140932394 32.9451945001148 32.4195567667954 31.9526841112383 31.5535080712931 31.2306824957037 30.9924548730751 30.8465376254406 30.7999821403258 30.8590583756915 31.0291428397394 31.3146176208224 31.7187829250729 32.2437852790864 32.8905631846235 33.6588115878317 34.5469660653894 35.5522071538397 36.670484775709 37.8965622649744 39.2240790808148 40.6456309349375 42.1528657529361 43.7365936490123 45.3869089170182
41.7086103862535 41.6002790841869 41.4440709711722 41.2399069119112 40.9880749897199 40.6892672147487 40.3446155802324 39.9557267245613 39.5247143608721 39.0542285460257 38.5474807819317 38.0082638794106 37.4409654738133 36.8505740682934 36.242676500731 35.623445789181 34.9996184128767 34.3784602344862 33.767720465991 33.175573324584 32.6105473131947 32.0814423867488 31.5972356213248 31.166976377556 30.7996723281418 30.5041680865869 30.2890185136512 30.1623590727655 30.1317758401139 30.2041779355346 30.3856752162322 30.6814640598433 31.0957239544813 31.6315274136326 32.2907654505376 33.0740904916115 33.9808781967021 35.0092092032446 36.1558713406362 37.4163823895185 38.7850330060569 40.2549490095351 41.8181718554173 43.4657557947211 45.1878799595523 46.9739734157385
39.374068224166 39.2703412425231 39.1221212954295 38.929464830894 38.6927900448928 38.412912676234 38.0910811697022 37.7290104804688 37.3289136970539 36.8935305701467 36.4261519548848 35.930639109891 35.4114367530446 34.8735787574355 34.3226853869832 33.7649510251935 33.2071214470821 32.6564598268085 32.1207008637734 31.6079926474749 31.12682616349 30.6859526640475 30.2942894784915 29.9608152104914 29.6944556467504 29.5039620709323 29.3977840201866 29.3839388234187 29.469880504559 29.6623708066697 29.9673551828009 30.3898465998767 30.9338199097001 31.6021193582816 32.3963815376428 33.3169757438092 34.3629633052694 35.5320770047047 36.8207212517156 38.2239931942699 39.7357244994135 41.3485431051963 43.0539538587463 44.842436619593 46.7035601286835 48.6261097244469
37.0678424276777 36.9696562945107 36.8303662172674 36.6501629713136 36.4295935425354 36.1695960008895 35.8715337604155 35.5372285137676 35.1689910341046 34.7696489471531 34.342570495895 33.8916832546604 33.4214867039308 32.9370575576429 32.4440467469906 31.9486670140835 31.4576701600269 30.9783131286021 30.5183122906817 30.0857855257468 29.6891819729029 29.3371996395123 29.0386914030659 28.8025603106355 28.6376454571477 28.5526000938921 28.5557639659559 28.6550321852221 28.8577231983833 29.1704485930805 29.5989875884593 30.1481690714599 30.8217639635674 31.6223905356895 32.5514350370506 33.6089896775076 34.7938096151232 36.1032901684948 37.5334650141167 39.079025661263 40.7333620380524 42.4886235882709 44.3357998823189 46.2648193972645 48.2646648268967 50.3235030458149
34.8016441801315 34.7097977038975 34.5802163956993 34.4132230756162 34.2094912006483 33.9700788169193 33.6964619148243 33.3905664900763 33.0547985189287 32.6920709658895 32.3058268613427 31.9000574196161 31.4793141205877 31.0487136556432 30.6139346474153 30.181205097718 29.7572796042158 29.3494055173262 28.9652773867909 28.6129792724576 28.300914763929 28.0377248641068 27.8321942347743 27.6931466680331 27.6293310229778 27.6492992378634 27.7612783782694 27.9730389950726 28.2917623266207 28.723909073161 29.2750925867336 29.9499593482474 30.7520795413079 31.6838503800609 32.7464146108762 33.9395962944241 35.2618555985231 36.7102639087567 38.2805001106774 39.9668684323733 41.7623377766497 43.6586020337982 45.6461604621978 47.7144168650521 49.8517959842837 52.0458752804528
32.5860943251671 32.5012512376516 32.3819992950606 32.2287901186949 32.042420380039 31.8240648382126 31.575308795489 31.298179288507 30.9951742387327 30.6692886959161 30.3240372269777 29.9634714348188 29.5921915423261 29.2153509520009 28.8386526969129 28.4683367395441 28.111157156391 27.7743483717643 27.4655797763771 27.1928982854923 26.9646586557315 26.7894416847226 26.6759607564311 26.6329575574579 26.6690881634967 26.7928010662253 27.0122090634738 27.3349572533827 27.768089640653 28.317917065598 28.9898892926797 29.7884741360151 30.7170464504665 31.7777896782729 32.9716124171216 34.2980821747449 35.7553781098372 37.3402641444836 39.0480833862955 40.87277433671 42.806908902594 44.8417517871488 46.9673404265343 49.1725842711317 51.4453818921732 53.7727541294792
30.4306550288467 30.3533477553859 30.2448932512963 30.1058678085617 29.9371871853141 29.7401387405081 29.5164130007193 29.2681339911174 28.997887569262 28.708746910788 28.4042942144458 28.0886376251053 27.7664223225097 27.4428346963766 27.1235985306042 26.8149621563411 26.52367561043 26.2569569561724 26.0224470899801 25.8281525709231 25.6823762688804 25.5936359268308 25.5705710669859 25.6218390294968 25.7560013043861 25.9814016881646 26.3060381508354 26.7374306206084 27.2824871668942 27.9473712726314 28.7373730226246 29.6567870864811 30.7088003379489 31.8953918263432 33.2172476041095 34.6736926254301 36.2626415758815 37.980570087109 39.8225073498398 41.7820506806427 43.8514021396737 46.0214268539428 48.2817322868976 50.6207673210761 53.02593969376 55.4837500502372
28.3435859967266 28.2742205027206 28.1768859519615 28.0522783698514 27.901427675877 27.7257289316646 27.5269730344165 27.3073762019407 27.0696075028101 26.8168135959238 26.5526397619554 26.2812462395546 26.0073188269193 25.7360726800321 25.4732482381395 25.2250982404444 24.998364870449 24.8002461799528 24.6383511060279 24.5206426022146 24.4553686583723 24.4509812782624 24.5160438135513 24.6591274083561 24.8886976780522 25.2129931161159 25.6398970780299 26.1768055158411 26.8304929151103 27.6069791032639 28.5113997424847 29.5478833820816 30.7194379194015 32.0278492036629 33.4735943168927 35.0557717879233 36.7720506503766 38.6186398579016 40.590279135791 42.6802518945536 44.8804203749359 47.1812827509403 49.5720515011782 52.0407519803178 54.5743397892312 57.1588352592786
26.3319242079642 26.2707858512929 26.184756254449 26.0746455176853 25.9415920786616 25.7870930931242 25.6130342736423 25.4217185465272 25.2158927951559 24.9987718690599 24.7740589562802 24.545961346255 24.3192005570068 24.0990157691475 23.8911595058629 23.7018845280765 23.5379209824371 23.4064429507274 23.3150237055499 23.2715791797337 23.2842994047259 23.361567962734 23.5118698223756 23.7436882792375 24.0653920896879 24.4851142550739 25.0106242690505 25.6491959674662 26.4074734023155 27.2913373842532 28.3057754896174 29.4547583984186 30.7411254135904 32.1664819074538 33.7311112516248 35.4339035185327 37.2723029070668 39.2422754554046 41.3382981766122 43.5533703039812 45.879046880005 48.3054944810385 50.821568452697 53.4149106499483 56.0720663386421 58.7786186266893
24.4014856918125 24.3487459918875 24.2740778317518 24.1783990957649 24.0629504627774 23.9293249407522 23.7794968717378 23.615849780988 23.4412023529565 23.2588317285125 23.0724932359138 22.8864355973617 22.7054105983951 22.5346761744168 22.3799918628725 22.2476055965471 22.144230878116 22.0770134826854 22.0534869864802 22.081516617277 22.169231164754 22.3249429733174 22.5570563602629 22.8739651497781 23.2839403772225 23.7950095851333 24.4148294877086 25.1505541084787 26.008700780936 26.9950166295009 28.1143483058239 29.3705178334458 30.7662074062297 32.3028558908839 33.9805696037151 35.7980496731158 37.7525379725536 39.839783227403 42.054028478374 44.3880206411525 46.8330424527811 49.3789666558762 52.0143318556807 54.7264391033381 57.5014679197609 60.3246101830262
22.5568874996211 22.5126117163078 22.4492427660531 22.367799485884 22.2696179723641 22.1563802926625 22.0301426780508 21.8933625870754 21.7489239354832 21.6001597021658 21.4508710387393 21.3053419393388 21.1683484717522 21.0451615365337 20.9415421127992 20.8637279734813 20.8184109139897 20.8127036406994 20.8540956124965 20.9503973210769 21.1096727331235 21.3401598967788 21.6501800303424 22.0480357545473 22.5418994903152 23.1396934086034 23.8489626732548 24.676744046175 25.629432211213 26.7126464042734 27.9311000998349 29.2884765883989 30.7873132791981 32.4288974755865 34.2131761989907 36.1386823873901 38.2024794760352 40.4001259946 42.725661401467 45.1716139387849 47.729030847788 50.3875308481867 53.1353783719123 55.9595786613418 58.845992503545 61.7794690801483
20.801587723643 20.7657431239868 20.7135029134305 20.6459796020583 20.5645974234248 20.4711202449992 20.3676789730269 20.2567978523307 20.1414189723553 20.0249242036122 19.9111537073106 19.8044200897511 19.7095172168875 19.6317226686758 19.5767928029364 19.5509494199235 19.5608570766829 19.6135901988823 19.7165892801835 19.8776056468819 20.1046344979029 20.4058362044449 20.7894461641651 21.2636738437601 21.8365920005699 22.5160174357012 23.3093849837633 24.2236167723347 25.2649890723475 26.4389992942059 27.7502358509834 29.2022536995701 30.7974583767428 32.5370012673877 34.4206886783279 36.4469070493622 38.6125663229405 40.9130631282088 43.3422650290007 45.8925166549721 48.5546680968374 51.3181255160546 54.1709235100099 57.0998183969858 60.0904012492156 63.1272292122265
19.1379411864596 19.1104058647723 19.0690266416546 19.0150020647854 18.9498368566979 18.8753690472997 18.7937966128308 18.7077030349038 18.620081105083 18.5343542140617 18.454394283538 18.3845354276447 18.3295823740954 18.294812638314 18.2859714321971 18.3092583082432 18.3713045946379 18.4791407718174 18.6401530791968 18.8620288237237 19.1526900892911 19.5202158151248 19.9727525168211 20.5184142579402 21.1651728326517 21.9207394783998 22.7924397877423 23.7870838153103 24.9108336639533 26.1690710691828 27.5662676703189 29.1058607503313 30.7901372376779 32.6201286898867 34.595519821789 36.714572906918 38.974070078128 41.3692751955636 43.8939165515681 46.5401912590426 49.2987917384108 52.1589542941146 55.1085293681126 58.1340726863753 61.2209561830988 64.3534973013756
17.5672682734994 17.5478403814603 17.5169683989626 17.4759290109026 17.4262995029385 17.3699841380469 17.3092400516527 17.246702091998 17.1854059453201 17.1288087998713 17.0808067223775 17.0457478494222 17.0284404391908 17.0341547912155 17.068618028634 17.1380007544062 17.2488946449722 17.4082801363093 17.6234834914601 17.90212271701 18.2520420184285 18.6812347480951 19.1977551001991 19.8096191359091 20.5246960702 21.3505911062196 22.2945214501565 23.3631874642688 24.5626412029623 25.8981548122183 27.3740914436499 28.9937814310218 30.7594064925544 32.6718946540322 34.73082843706 36.9343686293104 39.2791956585559 41.7604702421101 44.371814592674 47.1053150464509 49.9515465558794 52.899619072778 55.937245451659 59.0508301386083 62.2255775866001 65.4456190584164
